19 14 00300000200030
19 21 00400000500100
 5  1 01000000800060
15 11 01010000700050
17 15 01100000900060
19  6 01100001000070
10 13 01200001000060
15  3 01400001100065
15 16 01500001200075
 8 19 01700001300080
 8  6 01900001500090
 6 18 02000001300080
10 12 02000001600080
17 11 02100001700095
14  2 02200001400075
 0  8 02300001900100
15 20 02350001400090
 4 22 03000001800110
 2 10 03500001700100
 7  5 03800001800095
20 10 03900002000110
 5 12 03980002000120
 6 22 04000002000120
15  9 04030002100100
22  7 04050002000110
22 17 04140002100130
 4 15 04800002700160
18 10 05500003000200
